100	0,42
200	0,68
300	0,94
400	1,21
500	1,47
600	1,73
700	1,98
800	2,25
900	2,5
1000	2,79
1100	3,05
1200	3,31
1300	3,58
1400	3,84
1500	4,13
1600	4,37
1700	4,65
1800	4,97
1900	5,18
2000	5,44
2100	5,7
2200	5,95
2300	6,26
2400	6,54
2500	6,78
2600	7,08
2700	7,3
2800	7,57
2900	7,88
3000	8,13
3100	8,35
3200	8,7
3300	8,96
3400	9,23
3500	9,47
3600	9,76
3700	10,04
3800	10,28
3900	10,52
4000	10,88
4100	11,11
4200	11,37
4300	11,63
4400	11,9
4500	12,2
4600	12,56
4700	12,74
4800	13,05
4900	13,3
5000	13,6
5100	13,83
5200	14,2
5300	14,43
5400	14,74
5500	14,96
5600	15,16
5700	15,49
5800	15,73
5900	16,1
6000	16,33
6100	16,64
6200	16,82
6300	17,25
6400	17,56
6500	17,6
6600	18,04
6700	18,36
6800	18,71
6900	18,96
7000	19,18
7100	19,47
7200	19,8
7300	20
7400	20,36
7500	20,64
7600	20,85
7700	21,19
7800	21,41
7900	21,64
8000	21,94
8100	22,38
8200	22,61
8300	22,95
8400	23,28
8500	23,4
8600	23,74
8700	24,03
8800	24,31
8900	24,52
9000	24,94
9100	25,06
9200	25,38
9300	25,74
9400	25,92
9500	26,22
9600	26,6
9700	26,95
9800	27,26
9900	27,54
10000	27,71
